4294967279,133
4294967294,77
4294967294,76
4294967294,75
4294967294,74
4294967294,73
4294967294,53
4294967294,52
4294967294,386
4294967294,1747
4294967294,51
4294967294,49
4294967294,48
4294967294,47
4294967294,392
4294967294,1502
4294967294,1926
4294967294,45
4294967294,1993
4294967294,388
4294967294,1990
4294967294,44
4294967294,114
4294967294,1024
4294967294,423
4294967294,43
4294967294,42
4294967294,41
4294967294,40
4294967294,39
4294967294,38
4294967294,37
4294967294,36
4294967294,396
4294967294,2013
4294967294,2015
4294967294,29
4294967294,518
4294967294,1753
4294967294,2014
4294967294,2000
4294967294,28
4294967294,1481
4294967294,766
4294967294,178
4294967294,2009
4294967294,27
4294967294,1629
4294967294,1621
4294967294,1609
4294967294,1615
4294967294,1608
4294967294,1622
4294967294,26
4294967294,1807
4294967294,1794
4294967294,1307
4294967294,1295
4294967294,1796
4294967294,1811
4294967294,1855
4294967294,160
4294967294,25
4294967294,166
4294967294,165
4294967294,24
4294967294,17
4294967294,16
4294967294,15
4294967294,96
4294967294,95
4294967294,94
4294967294,89
4294967294,93
4294967294,69
4294967294,68
4294967294,46
4294967294,67
4294967294,1876
4294967294,1875
4294967294,1874
4294967294,1873
4294967294,1872
4294967294,1870
4294967294,1871
4294967294,1869
4294967294,1868
4294967294,1867
4294967294,1866
4294967294,1865
4294967294,1864
4294967294,1863
4294967294,1862
4294967294,1861
4294967294,1860
4294967294,2
4294967294,1
4294967294,4
4294967294,0
0,0
4294967293,131
4294967293,130
4294967293,129
4294967293,128
4294967293,127
4294967293,126
4294967293,125
4294967293,124
4294967293,123
4294967293,122
4294967293,121
4294967293,120
4294967293,119
4294967293,118
4294967293,117
4294967293,116
4294967293,115
4294967293,114
4294967293,113
4294967293,112
4294967293,111
4294967293,110
4294967293,109
4294967293,108
4294967293,107
4294967293,106
4294967293,105
4294967293,104
4294967293,103
4294967293,102
4294967293,101
4294967293,100
4294967293,99
4294967293,98
4294967293,97
4294967293,96
4294967293,95
4294967293,94
4294967293,93
4294967293,92
4294967293,91
4294967293,90
4294967293,89
4294967293,88
4294967293,87
4294967293,86
4294967293,85
4294967293,84
4294967293,83
4294967293,82
4294967293,81
4294967293,80
4294967293,79
4294967293,78
4294967293,77
4294967293,76
4294967293,75
4294967293,74
4294967293,73
4294967293,72
4294967293,71
4294967293,70
4294967293,69
4294967293,68
4294967293,67
4294967293,66
4294967293,65
4294967293,64
4294967293,63
4294967293,62
4294967293,61
4294967293,60
4294967293,59
4294967293,58
4294967293,57
4294967293,56
4294967293,55
4294967293,54
4294967293,53
4294967293,52
4294967293,51
